EndCh   IV_NP04 ?   ?   IV_NP04_corrected   Coldboard_LN2T
10400	27.49	0.0393225	1.46772125	27.4821	26.82
10401	27.7	0.0393225	1.46772125	27.6968	26.82
10402	27.49	0.0393225	1.46772125	27.492	26.76
10403	27.66	0.0393225	1.46772125	27.6527	27.1
10404	27.44	0.0393225	1.46772125	27.4272	27.27
10405	27.52	0.0393225	1.46772125	27.5113	26.79
10406	27.49	0.0393225	1.46772125	27.4834	26.8
10407	27.57	0.0393225	1.46772125	27.5786	26.75
10410	41.81	0.039315	0.32117875	41.8102	41.41
10411	41.78	0.039315	0.32117875	41.7777	41.36
10412	41.81	0.039315	0.32117875	41.8079	41.39
10413	41.73	0.039315	0.32117875	41.7241	41.34
10414	41.81	0.039315	0.32117875	41.8094	41.41
10415	41.82	0.039315	0.32117875	41.8183	41.41
10416	41.87	0.039315	0.32117875	41.8681	41.47
10417	41.79	0.039315	0.32117875	41.7858	41.3
10500	27.42	0.03887375	0.53668	27.4132	26.76
10501	27.43	0.03887375	0.53668	27.4283	26.76
10502	27.41	0.03887375	0.53668	27.3999	26.74
10503	27.41	0.03887375	0.53668	27.4032	26.75
10504	27.37	0.03887375	0.53668	27.3684	26.85
10505	27.44	0.03887375	0.53668	27.431	26.73
10506	27.43	0.03887375	0.53668	27.4277	26.76
10507	27.44	0.03887375	0.53668	27.4338	26.76
10510	27.4	0.038705	0.815415	27.3927	26.81
10512	27.44	0.038705	0.815415	27.4384	26.65
10515	27.37	0.038705	0.815415	27.3563	26.86
10517	27.33	0.038705	0.815415	27.3084	26.8
10521	42.02	0.03874	0.352805	42.0113	41.48
10523	42.1	0.03874	0.352805	42.0868	41.49
10524	42.05	0.03874	0.352805	42.0453	41.44
10526	42.05	0.03874	0.352805	42.043	41.46
10700	28.03	0.038865	0.801945	28.0343	26.73
10702	28.05	0.038865	0.801945	28.0044	26.77
10705	28.03	0.038865	0.801945	28.0083	26.74
10707	28.03	0.038865	0.801945	28.0189	26.66
10710	40.8	0.0387525	1.088585	42.7281	41.76
10712	42.92	0.0387525	1.088585	42.8907	41.88
10715	42.63	0.0387525	1.088585	42.5978	41.51
10717	42.67	0.0387525	1.088585	42.6267	41.48
10900	27.53	0.0391175	0.7985975	27.5274	27.09
10901	27.45	0.0391175	0.7985975	27.4446	26.76
10902	27.69	0.0391175	0.7985975	27.6907	27.22
10903	27.46	0.0391175	0.7985975	27.4529	26.87
10904	27.64	0.0391175	0.7985975	27.6366	27.16
10905	27.45	0.0391175	0.7985975	27.4523	26.73
10906	27.69	0.0391175	0.7985975	27.6819	26.94
10907	27.43	0.0391175	0.7985975	27.4271	26.65
10912	27.36	0.03946	-0.32811	27.3643	27.25
10915	27.29	0.03946	-0.32811	27.2858	27.08
10920	41.85	0.03913125	0.160735	41.857	41.27
10921	41.93	0.03913125	0.160735	41.9206	41.31
10922	41.98	0.03913125	0.160735	41.9838	41.3
10923	42.37	0.03913125	0.160735	42.3578	41.74
10924	42.38	0.03913125	0.160735	42.3791	41.76
10925	42.05	0.03913125	0.160735	42.0489	41.38
10926	42.41	0.03913125	0.160735	42.406	41.82
10927	42.2	0.03913125	0.160735	42.1959	41.43
10930	41.82	0.038964286	0.309175714	41.8124	41.24
10931	42.6	0.038964286	0.309175714	42.5947	42.12
10932	41.78	0.038964286	0.309175714	41.7752	41.15
10934	42.37	0.038964286	0.309175714	42.3673	41.98
10935	41.79	0.038964286	0.309175714	41.7944	41.2
10936	42.5	0.038964286	0.309175714	42.4997	42.24
10937	41.75	0.038964286	0.309175714	41.7504	41.17
10940	41.73	0.03934875	0.9887225	41.7203	41.28
10941	41.57	0.03934875	0.9887225	41.567	41.06
10942	42.24	0.03934875	0.9887225	42.2329	41.83
10943	41.99	0.03934875	0.9887225	41.9902	41.5
10944	42.11	0.03934875	0.9887225	42.1109	41.67
10945	41.61	0.03934875	0.9887225	41.6078	41.18
10946	42	0.03934875	0.9887225	41.9996	41.58
10947	41.65	0.03934875	0.9887225	41.6394	41.26
11123	27.61	0.039316667	0.807296667	27.6137	27.28
11124	27.59	0.039316667	0.807296667	27.5934	27.33
11126	27.66	0.039316667	0.807296667	27.65	27.78
11131	42.19	0.039158571	-0.179287143	42.1828	41.7
11132	42.54	0.039158571	-0.179287143	42.5376	42.28
11133	42.21	0.039158571	-0.179287143	42.2142	41.65
11134	42.13	0.039158571	-0.179287143	42.1232	41.56
11135	41.92	0.039158571	-0.179287143	41.9113	41.36
11136	42.2	0.039158571	-0.179287143	42.1928	41.57
11137	42.63	0.039158571	-0.179287143	42.624	42.29
11140	42.09	0.039235	0.0790275	42.082	41.28
11142	42.27	0.039235	0.0790275	42.2612	41.72
11145	42.72	0.039235	0.0790275	42.715	42.07
11147	42.73	0.039235	0.0790275	42.725	42.08
11200	41.91	0.038995	0.4730825	41.9047	41.35
11202	41.9	0.038995	0.4730825	41.9008	41.73
11205	41.91	0.038995	0.4730825	41.9127	41.48
11207	41.9	0.038995	0.4730825	41.8986	41.34
11210	41.84	0.0390275	0.2878325	41.8342	41.06
11212	41.96	0.0390275	0.2878325	41.9536	41.07
11215	42	0.0390275	0.2878325	41.9907	41.16
11217	42.04	0.0390275	0.2878325	42.0311	41.13
11220	41.9	0.039055	0.98925	41.8939	41.27
11222	41.22	0.039055	0.98925	41.7741	41.07
11225	42.23	0.039055	0.98925	42.2279	41.78
11227	41.98	0.039055	0.98925	41.9722	41.63
11230	41.76	0.0389375	-0.41639	41.7469	41.17
11232	41.77	0.0389375	-0.41639	41.7648	41.15
11235	42.19	0.0389375	-0.41639	42.1882	41.63
11237	42.15	0.0389375	-0.41639	42.1509	41.44
11240	42.62	0.0391125	0.13447	42.6211	41.85
11242	42.64	0.0391125	0.13447	42.6246	42.33
11245	41.82	0.0391125	0.13447	41.8116	41.38
11247	41.8	0.0391125	0.13447	41.7941	41.08
11300	27.52	0.0391575	0.50686	27.5248	27.38
11302	27.43	0.0391575	0.50686	27.4166	27.07
11305	27.54	0.0391575	0.50686	27.5473	27.17
11307	27.44	0.0391575	0.50686	27.4364	26.88
