4 0 0 120
4 0 2 130
4 0 5 140
4 0 7 150
4 0 6 121
4 0 4 131
4 0 3 141
4 0 1 151
4 0 10 122
4 0 12 132
4 0 15 142
4 0 17 152
4 0 16 123
4 0 14 133
4 0 13 143
4 0 11 153
5 0 0 124
5 0 2 134
5 0 5 144
5 0 7 154
5 0 6 125
5 0 4 135
5 0 3 145
5 0 1 155
5 0 21 126
5 0 23 136
5 0 24 146
5 0 26 156
5 0 17 127
5 0 15 137
5 0 12 147
5 0 10 157
7 0 10 128
7 0 12 138
7 0 15 148
7 0 17 158
7 0 7 129
7 0 5 139
7 0 2 149
7 0 0 159
9 0 20 80
9 0 22 90
9 0 25 100
9 0 27 110
9 0 26 81
9 0 24 91
9 0 23 101
9 0 21 111
9 0 30 82
9 0 32 92
9 0 35 102
9 0 37 112
9 0 36 83
9 0 34 93
9 0 33 103
9 0 31 113
9 0 0 84
9 0 2 94
9 0 5 104
9 0 7 114
9 0 6 85
9 0 4 95
9 0 3 105
9 0 1 115
9 0 10 86
9 0 12 96
9 0 15 106
9 0 17 116
9 0 16 87
9 0 14 97
9 0 13 107
9 0 11 117
9 0 40 88
9 0 42 98
9 0 45 108
9 0 47 118
9 0 46 89
9 0 44 99
9 0 43 109
9 0 41 119
11 0 6 40
11 0 4 50
11 0 3 60
11 0 1 70
11 0 31 41
11 0 33 51
11 0 34 61
11 0 36 71
11 0 7 42
11 0 5 52
11 0 2 62
11 0 0 72
11 0 30 43
11 0 32 53
11 0 35 63
11 0 37 73
11 0 46 44
11 0 44 54
11 0 43 64
11 0 41 74
11 0 11 45
11 0 13 55
11 0 14 65
11 0 16 75
11 0 17 46
11 0 15 56
11 0 12 66
11 0 10 76
11 0 21 47
11 0 23 57
11 0 24 67
11 0 26 77
11 0 47 48
11 0 45 58
11 0 42 68
11 0 40 78
11 0 20 49
11 0 22 59
11 0 25 69
11 0 27 79
12 0 7 0
12 0 5 10
12 0 2 20
12 0 0 30
12 0 1 1
12 0 3 11
12 0 4 21
12 0 6 31
12 0 17 2
12 0 15 12
12 0 12 22
12 0 10 32
12 0 11 3
12 0 13 13
12 0 14 23
12 0 16 33
13 0 7 4
13 0 5 14
13 0 2 24
13 0 0 34
12 0 20 5
12 0 22 15
12 0 25 25
12 0 27 35
12 0 26 6
12 0 24 16
12 0 23 26
12 0 21 36
12 0 30 7
12 0 32 17
12 0 35 27
12 0 37 37
12 0 36 8
12 0 34 18
12 0 33 28
12 0 31 38
12 0 40 9
12 0 42 19
12 0 45 29
12 0 47 39